CPUE (thousands) of GSA1718 cy anchovy(2019)
102
Echo West
2004 2018
1 1 0.58 0.83
0 3
1 24664330.3	28257474.28	2023366.3	1411.284569
1 28780640.27	21176109.1	1003752.673	1017.993589
1 51035288.3	52799610.6	3712656.015	51686.18324
1 49649876.29	51571727.54	3317267.617	14229.74908
1 35915065.73	70070019.66	4927566.763	7308.888339
1 51407750.76	42485425.34	2232451.806	13210.86762
1 22572846.86	46734159.51	2591394.412	17264.52642
1 31507631.85	39360727.36	2371215.669	6980.697919
1 55792856.05	47380066.41	1736045.927	3872.561093
1 25087903.84	35521108.91	1938055.099	90.09775523
1 17462300.36	27927509.1	1999867.358	0
1 7792819.47	24411067.16	1679014.236	13566.2297
1 4627975.631	10864721.93	406548.8077	0
1 12393650.6	23408449.06	874847.7439	4162.21126
1 17216881.75	29560195.72	1487380.818	7488.062043
Echo All Biomass
2003 2018
1 1 0.75 0.83
0 0
1 464214
1 425898
1 361453
1 780321
1 616289
1 899125
1 590663
1 696358
1 475517
1 600798
1 474768
1 374190
1 289059
1 154863
1 293166
1 376588