CPUE (thousands) of GSA1718 cy anchovy(2019)
104
Echo West1
2004 2014
1 1 0.58 0.83
0 2
1	32610408.2	21535416.46	800757.4978
1	37591667.28	13089459.3	280393.4629
1	71793003.76	30784247.39	5021989.945
1	66789692.42	34339172.16	3424236.621
1	59380060.66	49389820.42	2150079.969
1	68706285.54	26449321.33	983231.9093
1	37160526.89	33498109.36	1257029.058
1	43428140.04	29089738.8	728676.7454
1	77436317.11	27258856.56	217667.2785
1	37991868.47	23522105.38	1033184.101
1	25853744.18	20711717	824215.6489
Echo West2
2015 2018
1 1 0.49 0.51
0 2
1	30587.18687	25234579.19	8631300.713
1	0      	        14137083.17	1762163.2
1	124477.666	33972629.35	2584002.599
1	2170365.711	37909051.07	8192529.569
Echo East
2013 2018
1 1 0.75 0.83
0 2
1	2477404.374	2384275.973	1846
1	8202814	    1417362.462	1531
1	3024066.961	1585047.712	1875
1	3410073	    1220159	    15772
1   1186925	    1344073	    0
1   840929	    3381384	    0
Echo East Biomass
2003 2012
1 1 0.75 0.83
0 0
1 54223
1 81866
1 132340
1 142089
1 56488
1 110290
1 122170
1 166325
1 46472
1 11639
