Landings (tonnes) of GSA1718 cy anchovy (2016) , yes Disc
1 1
1975 2016
0 4 
5
22048.73007
28000.72942
35565.00354
54624.17894
50378.17164
61323.02223
33421.74113
36425.17196
27200.90601
28211.43372
45198.39548
16446.271
4848.318151
11623.87497
14286.63534
14363.17508
21371.01332
14557.37862
14561.88131
21424.41375
35664.7971
30303.80881
39040.09087
32294.13963
29382.57464
37952.39043
33983.79591
26721.01213
31172.07829
38858.99643
57300.94046
60802.71836
65316.92518
49100.95557
52268.52301
53709.64951
45263.0135
36044.85372
28043.03506
31943.05776
39736.66714
34251.71084