CPUE (thousands) of GSA1718  sardine 
103
Echo West
2004 2019
1 1 0.58 0.83
0 4
1	673166.4476	1717814.611	1359999.731	1052370.069	51409.54968
1	460365.1347	1277188.862	492965.6636	627757.9348	30813.78194
1	571516.37	1655645.233	1355048.536	1370103.724	124117.8806
1	973234.2755	3163262.43	1937652.98	1357835.847	115371.8564
1	3240825.476	9835685.292	3161071.45	1700755.091	69607.49836
1	2272156.841	8454229.245	1543766.408	472978.5515	71726.97807
1	1820491.875	6998405.815	2556938.471	732864.9352	45770.62527
1	9559575.246	23017140.54	5835002.023	983415.6806	13169.68804
1	9852845.093	11265299.83	1547469.626	290940.3458	78441.88722
1	8880658.402	21421735.02	3871570.421	207470.3641	4111.773595
1	2536236.935	16998529.32	4554999.664	168620.005	0
1	3691899.099	10059817.5	5684296.261	381953.9833	0
1	6150807.956	3961372.389	1012881.436	82807.69363	15759.83561
1	6031741.069	4058858.703	243851.3707	14004.63449	0
1	6838025.711	3718701.983	160131.0187	17782.64355	0
1	825778.8059	4067480.061	1980607.897	16119.60573	0
Echo East
2013 2019
1 1 0.75 0.83
0 3
1	4717909.8	3853279.6	2734	297
1	1180050.3	4323384.2	64747	0
1	12993118.3	2446709.9	3505	0
1	13332270	709729	0	0
1	9359342	1035159	0	0
1	8234312	3422710	757	0
1	8894542	1485250	233	0
Echo East Biomass
2003 2010
1 1 0.75 0.83
-1 -1
1	213410
1	213477
1	107902
1	246593
1	136907
1	131542
1	231809
1	125031
