CPUE (thousands) of GSA1718 cy anchovy(2016)
102
Echo West
2004 2016
1 1 0.58 0.83
0 4
1	35560685	18764020	613692	5645	2540
1	40787857	10033202	134557	4072	1832
1	76696622	26700888	3988381	151803	61547
1	73618538	28091728	2747682	70127	25026
1	64356278	44561926	1557486	64161	13156
1	73769477	21903651	429701	16421	17861
1	45236308	26066281	566016	21460	23342
1	49485704	23424898	305350	17105	13498
1	86799211	18037774	62577	6364	6915
1	43260113	18805485	480456	946	158
1	28448153	18667773	273617	133	65
1	18400911	14596893	621395	47936	22799
1	11384028	4493347	21872	65	65
Echo East
2013 2016
1 1 0.75 0.83
0 2
1	2477404.374	2384275.973	1846
1	8202814	    1417362.462	1531
1	3024066.961	1585047.712	1875
1	3410073	    1220159	    15772
Echo East Biomass
2003 2012
1 1 0.75 0.83
0 0
1 54223
1 81866
1 132340
1 142089
1 56488
1 110290
1 122170
1 166325
1 46472
1 11639
