CPUE (thousands) of GSA1718 cy sardine
105
Echo West 17
2004 2014
1 1 0.75 0.83
0 4
1 34721.08392	472057.2823	946538.8204	909818.9836	50175.33967
1 101225.2478	598352.3469	251026.1683	552899.2938	29664.71818
1 98054.16782	535127.9192	659976.3872	1060214.624	96570.21778
1 457373.6442	1935909.059	743205.9143	794311.1126	93433.66876
1 180029.5016	3715155.015	1655205.056	1344047.962	58122.42454
1 934634.1742	6120644.512	1054476.348	355398.9494	66311.91177
1 432154.0131	4487635.699	1775360.627	367002.7901	24090.25963
1 4057905.973	16318745.06	4965326.85	735681.8968	13169.68804
1 4265555.333	7140520.135	1219966.762	268454.4901	78441.88722
1 4407729.951	15067980.65	3234044.351	153432.4748	4111.773595
1 1073426.253	12380603.02	4142407.172	147569.3425	0
Echo West 18
2004 2014
1 1 0.58 0.63
0 4
1 443299.667	906304.7466	269449.3823	109021.7129	0
1 177456.9932	362802.2469	107863.102	43642.40897	0
1 62879.01742	406314.9277	392074.3736	239343.8783	24950.90623
1 248.2015628	330454.4213	813940.9346	474933.6905	18677.1676
1 1244846.74	2961717.827	165751.6551	44695.95657	0
1 821164.0734	1573267.376	332987.6573	81652.90483	3181.282006
1 206363.0631	762145.1368	422103.8924	283235.7001	16542.9701
1 2769123.338	2688757.535	680060.1335	240048.8626	0
1 1094487.807	1500173.237	76298.60679	8567.055808	0
1 2919988.265	5403578.518	575681.2039	54037.88933	0
1 739969.3618	3648074.064	369474.0832	17904.33443	0
Echo L
2015 2019
1 1 0.58 0.63
0 4
1 3691899.099	10059817.5	5684296.261	381953.9833	0
1 6150807.956	3961372.389	1012881.436	82807.69363	15759.83561
1 6031741.069	4058858.703	243851.3707	14004.63449	0
1 6838025.711	3718701.983	160131.0187	17782.64355	0
1 839342.3604	4278796.225	2102653.761	16119.60573	0
Echo East
2013 2019
1 1 0.75 0.83
0 4
1	4145857.432	211565.076	2252581.212	475997.8538	10061.5
1	382817.7201	143225.2649	2488548.72	1177078.873	186356
1	12024835.11	231823.8217	1539238.779	255688.9173	7834
1	11920813.08	450421.1905	487921.7881	100870.9339	3802.5
1	5892424.66	402219.1243	1705688.951	303426.0273	18964
1	2851839.156	572096.3221	4135326.846	991087.7243	27359.5
1	6194035.762	466681.9248	1328992.378	94169.07416	2966
Echo East Biomass
2003 2010
1 1 0.75 0.83
-1 -1
1	213410
1	213477
1	107902
1	246593
1	136907
1	131542
1	231809
1	125031
