BLACK SEA  TURBOT   Total,COMBSEX,TUNING DATA (nos/biom at age)											
110											
RO Trawl Survey											
2003	2016										
1	1	0.45	0.55								
1	9										
1	9.8	94.96	119.75	71.57	64.24	70.08	39.42	0.01	0.01		
1	12.76	92.8	106.22	63.16	77.36	68.31	16.75	16.43	0.01		
1	0.01	56.58	108.27	113.18	79.23	24.52	16.98	21.28	0.01		
1	1.44	45.88	104.68	145.08	145.09	36.69	11.02	0.01	0.01		
1	0.01	40.42	130.29	244.96	105.58	26.94	13.48	0.01	0.01		
1	33.44	134.14	148.21	228.11	101.16	35.23	14.03	0.01	0.01		
1	0.01	14.39	97.55	136.44	107.2	58.24	35.74	15.23	10.12		
1	0.97	63.49	57.84	126.53	98.98	47.97	26.23	12.28	2.53		
1	2.6	84.77	77.88	173.48	138.42	68.15	37.8	32.75	6.76		
1	13.24	31.72	38.47	129.46	145.06	83.71	53.55	20.07	3.77		
1	5.66	14.547	61.297	68.302	42.032	27.146	13.135	0.01	0.01		
1	0.01	9.094	60.626	40.005	26.275	19.416	15.03	2.507	0.01		
1	0.01	0.01	124.875	138.744	104.072	83.243	NA	NA	NA		
1	NA	61.975	375.132	195.74	198.961	61.2	NA	NA	NA		
UKR Trawl survey West											
1989	2007										
1	1	0.75	0.83								
1	10										
1	2.23	7.11	19.9	24.77	35.74	41.02	20.92	10.15	9.54	8.94	
1	2.15	2.86	5.13	13.12	13.83	18.13	19.68	11.69	8.71	5.84	
1	5.76	15.3	24.84	41.04	29.7	28.8	21.6	4.68	4.14	0.9	
1	16.45	36.75	48.05	37.77	33.15	38.03	28.01	6.42	5.4	1.03	
1	0.51	14.05	27.58	29.37	53.37	34.73	33.2	29.37	25.03	5.62	
1	0.49	13.49	26.48	28.2	51.25	33.35	31.88	28.2	24.03	5.4	
1	NA	NA	NA	NA	NA	NA	NA	NA	NA	NA	
1	NA	NA	NA	NA	NA	NA	NA	NA	NA	NA	
1	NA	NA	NA	NA	NA	NA	NA	NA	NA	NA	
1	0.01	0.01	6.45	19.36	55.5	122.93	70.34	37.11	10.97	0.01	
1	NA	NA	NA	NA	NA	NA	NA	NA	NA	NA	
1	NA	NA	NA	NA	NA	NA	NA	NA	NA	NA	
1	7.18	10.23	31.56	60.94	77.7	22.85	4.57	0.65	0.65	0.65	
1	0.01	0.01	27.17	50.2	89.77	64.96	53.15	6.79	1.48	0.89	
1	0.01	5.98	11.58	23.53	60.51	95.99	139.68	33.24	1.87	1.12	
1	0.01	3.22	18.51	45.97	60.23	89.02	104.56	40.84	12.85	0.01	
1	0.01	6.4	9.5	20.99	45.17	49.18	95.17	70.17	13.61	3.23	
1	0.01	1.39	30.57	176.46	114.86	71.32	50.48	7.87	10.19	0.01	
1	0.01	3.45	33.16	153.74	121.44	56.85	39.62	9.04	12.06	1.29	
UKR Trawl survey East								
1989	2006										
1	1	0.75	0.83								
1	10										
1	0.7	2.22	6.21	7.73	11.15	12.8	6.53	3.17	2.98	2.79	
1	0.71	0.94	1.69	4.32	4.55	5.97	6.48	3.85	2.87	1.92	
1	1.73	6.01	2.8	10.42	13.21	12.56	6.96	1.73	1.79	0.36	
1	5.12	11.43	14.95	11.75	10.31	11.83	8.71	2	1.68	0.32	
1	0.16	4.45	8.74	9.31	16.92	11.01	10.53	9.31	7.93	1.78	
1	0.26	7.06	13.87	14.77	26.85	17.47	16.7	14.77	12.59	2.83	
1	NA	NA	NA	NA	NA	NA	NA	NA	NA	NA	
1	NA	NA	NA	NA	NA	NA	NA	NA	NA	NA	
1	NA	NA	NA	NA	NA	NA	NA	NA	NA	NA	
1	0.01	0.01	0.44	1.12	3.13	9.38	4.68	3.13	0.01	0.01	
1	NA	NA	NA	NA	NA	NA	NA	NA	NA	NA	
1	NA	NA	NA	NA	NA	NA	NA	NA	NA	NA	
1	0.01	0.01	0.36	1.45	1.09	2.91	2.55	0.73	0.01	0.01	
1	0.01	0.01	0.74	1.38	2.46	1.78	1.46	0.19	0.04	0.02	
1	0.01	0.25	0.48	0.98	2.52	4	5.82	1.39	0.08	0.05	
1	0.01	0.75	3.38	5.8	4.69	4.36	3.82	2.99	0.01	0.01	
1	0.01	0.46	0.46	2.09	1.62	1.39	0.23	0.01	0.01	0.01	
1	0.02	0.21	0.34	1.33	1.19	0.75	0.75	0.13	0.2	0.01	
TR Trawl survey (East) autumn											
2010	2018										
1	1	0.75	0.75								
0	10										
1	6.242251693	18.28509793	5.779872022	1.076763272	1.236598534	0.61052991	0.375226013	0.218195823	0.031294613	0.000907604	0.677139841
1	19.74595291	25.48839113	3.901748923	1.158690371	0.873918262	0.165853211	0.008853364	0.000102255	2.33588E-07	9.9301E-11	7.47698E-15
1	NA	NA	NA	NA	NA	NA	NA	NA	NA	NA	NA
1	NA	NA	NA	NA	NA	NA	NA	NA	NA	NA	NA
1	NA	NA	NA	NA	NA	NA	NA	NA	NA	NA	NA
1	NA	NA	NA	NA	NA	NA	NA	NA	NA	NA	NA
1	NA	NA	NA	NA	NA	NA	NA	NA	NA	NA	NA
1	0.000816202	3.675316781	7.854662968	1.493458195	0.634268316	0.042645162	0.000882221	3.50416E-06	2.57449E-09	3.41682E-13	0
1	0.697177639	4.552060564	0.582378018	0.62126098	0.612431176	0.198918327	0.017572185	0.000347981	1.36465E-06	9.90968E-10	1.28362E-13
TR Trawl survey (East)spring											
2010	2018										
1	1	0.4	0.4								
0	10										
1	1.504080167	2.293629365	2.139203663	1.323701336	0.870759871	0.267391448	0.020882528	0.000341922	1.06347E-06	5.999E-10	5.99612E-14
1	10.23617838	6.484355528	3.675793259	0.791654655	0.741483856	0.714171222	0.196952536	0.011809983	0.00014116	3.19373E-07	1.323E-10
1	NA	NA	NA	NA	NA	NA	NA	NA	NA	NA	NA
1	NA	NA	NA	NA	NA	NA	NA	NA	NA	NA	NA
1	NA	NA	NA	NA	NA	NA	NA	NA	NA	NA	NA
1	NA	NA	NA	NA	NA	NA	NA	NA	NA	NA	NA
1	NA	NA	NA	NA	NA	NA	NA	NA	NA	NA	NA
1	0.228203237	15.35583093	8.847052798	2.247080805	1.534040233	0.584911611	0.067724371	0.001706077	8.58634E-06	8.10835E-09	1.38268E-12
1	0.00025588	0.018248468	0.273313248	0.975889034	0.993389139	0.332722185	0.034134989	0.00085391	4.36767E-06	4.18005E-09	7.18332E-13
TR Trawl survey (west)											
2011	2016										
1	1	0.5	0.5								
0	10										
1	19.74595291	25.48839113	3.901748923	1.158690371	0.873918262	0.165853211	0.008853364	0.000102255	2.33588E-07	9.9301E-11	7.47698E-15
1	NA	NA	NA	NA	NA	NA	NA	NA	NA	NA	NA
1	17.83413121	19.33625614	4.155857382	0	0	0	0	0	0	0	0
1	36.81774026	54.506601	6.811794605	0.735840454	0.208056805	0.011765585	0.000192098	5.86067E-07	3.22999E-10	3.15482E-14	0
1	NA	NA	NA	NA	NA	NA	NA	NA	NA	NA	NA
1	40.66662929	46.85650321	7.215550359	2.119954166	1.058656303	0.146138199	0.508120763	1.007684878	0.434288896	0.039238267	0.000702294
BG Spring Trawl survey - Abun 										
2006	2012									
1	1	0.4	0.4							
1	10									
1	13.31804243	13.02208593	5.91912997	4.143390979	1.479782492	1.183825994	0.295956498	0.591912997	0	0
1	0	6.707235503	35.08400109	38.17964825	27.34488321	8.771000274	1.547823578	1.031882385	0	0
1	0.598429168	20.64580629	14.36230003	26.0316688	32.61438965	19.44894795	2.393716671	0.598429168	0.299214584	0
1	0	3.474777811	16.42622238	12.31966679	16.74211127	11.05611122	4.738333379	0.947666676	0.315888892	0
1	0	0.578144804	1.156289609	4.04701363	8.383099663	6.359592847	3.179796424	0.578144804	0	0
1	0	1.325871182	3.977613546	3.535656485	2.651742364	3.093699425	2.209785303	0.441957061	0	0
1	0	1.187548916	2.375097832	3.16679711	1.583398555	1.187548916	0.791699277	0	0	0										
BG Spring Trawl survey2 - Abun 										
2016	2018									
1	1	0.4	0.4							
1	8									
1	0.40862819	9.806473745	17.16135058	5.311822004	5.720450195	0.40862819	0.40862819	0.40862819		
1	0.797469545	3.588619936	3.189878182	7.974695454	10.36710535	5.582287294	1.19620627	0.398734773		
1	0.822588256	7.403294303	4.524235407	1.645176512	4.935529535	3.701647151	2.467764768	0.411294128												
BG Autumn Trawl survey - Abun									
2006	2012								
1	1	0.7	0.7						
1	9								
1	13.318	13.022	5.919	4.143	1.48	1.184	0.296	0.592	0
1	0	6.707	35.084	38.18	27.345	8.771	1.548	1.032	0
1	0.598	20.646	14.362	26.032	32.614	19.449	2.394	0.598	0.299
1	0	3.475	16.426	12.32	16.742	11.056	4.738	0.948	0.316
1	0	0.578	1.156	4.047	8.383	6.36	3.18	0.578	0
1	0	1.326	3.978	3.536	2.652	3.094	2.21	0.442	0
1	0	1.188	2.375	3.167	1.583	1.188	0.792	0	0									
BG Autumn Trawl survey2 - Abun									
2014	2018								
1	1	0.7	0.7						
1	9								
1	0.722626978	11.56179369	9.032688505	7.226091314	3.251732168	0.722626978	0.361283744	0               0	
1	0.341443377	7.853737067	14.00018982	8.536691245	7.170850313	2.390305913	0.682954179	0	        0.341443377
1	0.415994736	9.984541398	5.408302531	9.152551925	7.488424596	2.91218573	2.496116801	0.415994736	0
1	0.356259614	3.206336527	3.918855755	2.137557685	3.206336527	3.918855755	2.137557685	1.425038457	1.781298071
1	3.18651256	2.2760804	2.2760804	3.18651256	10.01475376	7.283457279	4.5521608	0.91043216	0.45521608
