BLACK SEA TURBOT Total,2017,COMBSEX,PLUSGROUP,CATCH WTS
1 3                                       
1950 2018
1 10
1
NA	0.869	1.265	1.765	2.243	3.289	4.377	5.667	7.368	10.568
NA	0.869	1.265	1.765	2.243	3.289	4.377	5.667	7.368	10.568
NA	0.869	1.265	1.765	2.243	3.289	4.377	5.667	7.368	10.568
NA	0.869	1.265	1.765	2.243	3.289	4.377	5.667	7.368	10.568
NA	0.869	1.265	1.765	2.243	3.289	4.377	5.667	7.368	10.568
NA	0.869	1.265	1.765	2.243	3.289	4.377	5.667	7.368	10.568
NA	0.869	1.265	1.765	2.243	3.289	4.377	5.667	7.368	10.568
NA	0.869	1.265	1.765	2.243	3.289	4.377	5.667	7.368	10.568
NA	0.869	1.265	1.765	2.243	3.289	4.377	5.667	7.368	10.568
NA	0.869	1.265	1.765	2.243	3.289	4.377	5.667	7.368	10.568
NA	0.869	1.265	1.765	2.243	3.289	4.377	5.667	7.368	10.568
NA	0.869	1.265	1.765	2.243	3.289	4.377	5.667	7.368	10.568
NA	0.869	1.265	1.765	2.243	3.289	4.377	5.667	7.368	10.568
NA	0.869	1.265	1.765	2.243	3.289	4.377	5.667	7.368	10.568
NA	0.869	1.265	1.765	2.243	3.289	4.377	5.667	7.368	10.568
NA	0.869	1.265	1.765	2.243	3.289	4.377	5.667	7.368	10.568
NA	0.869	1.265	1.765	2.243	3.289	4.377	5.667	7.368	10.568
NA	0.869	1.265	1.765	2.243	3.289	4.377	5.667	7.368	10.568
NA	0.869	1.265	1.765	2.243	3.289	4.377	5.667	7.368	10.568
NA	0.869	1.265	1.765	2.243	3.289	4.377	5.667	7.368	10.568
NA	0.869	1.265	1.765	2.243	3.289	4.377	5.667	7.368	10.568
NA	0.869	1.265	1.765	2.243	3.289	4.377	5.667	7.368	10.568
NA	0.869	1.265	1.765	2.243	3.289	4.377	5.667	7.368	10.568
NA	0.869	1.265	1.765	2.243	3.289	4.377	5.667	7.368	10.568
NA	0.869	1.265	1.765	2.243	3.289	4.377	5.667	7.368	10.568
NA	0.869	1.265	1.765	2.243	3.289	4.377	5.667	7.368	10.568
NA	0.869	1.265	1.765	2.243	3.289	4.377	5.667	7.368	10.568
NA	0.869	1.265	1.765	2.243	3.289	4.377	5.667	7.368	10.568
NA	0.869	1.265	1.765	2.243	3.289	4.377	5.667	7.368	10.568
NA	0.869	1.265	1.765	2.243	3.289	4.377	5.667	7.368	10.568
NA	0.869	1.265	1.765	2.243	3.289	4.377	5.667	7.368	10.568
NA	0.869	1.265	1.765	2.243	3.289	4.377	5.667	7.368	10.568
NA	0.869	1.265	1.765	2.243	3.289	4.377	5.667	7.368	10.568
NA	0.869	1.265	1.765	2.243	3.289	4.377	5.667	7.368	10.568
NA	0.869	1.265	1.765	2.243	3.289	4.377	5.667	7.368	10.568
NA	0.869	1.265	1.765	2.243	3.289	4.377	5.667	7.368	10.568
NA	0.869	1.265	1.765	2.243	3.289	4.377	5.667	7.368	10.568
NA	0.869	1.265	1.765	2.243	3.289	4.377	5.667	7.368	10.568
NA	0.869	1.265	1.765	2.243	3.289	4.377	5.667	7.368	10.568
0.844394265	1.12276647	1.569214865	2.052402212	2.749751745	3.48679186	4.559160829	5.207744995	5.519099532	6.560286984
0.869470885	1.159882096	1.655174977	2.181454019	3.184720269	4.074382039	4.778446868	5.391701755	5.864980584	6.86245216
0.844394265	1.119902694	1.565928551	2.050548617	2.746984767	3.483193271	4.560051053	5.20989071	5.522817772	6.551155228
0.869470885	1.154977007	1.649798982	2.177276032	3.172192702	4.071637443	4.794349114	5.416639845	5.944535404	6.924044151
0.919769826	1.163209367	1.622466532	2.058933673	2.982732075	4.143899766	4.775558779	5.413451891	5.832795182	6.950208941
0.887844531	1.210283624	1.632696045	2.010558877	3.019856237	4.286976335	4.979382117	5.647037063	6.184394733	7.292447439
0.749532645	1.325985096	1.915454256	2.590523876	3.616818106	4.552077195	5.344585689	5.94914736	6.336369227	7.579198848
0.978419614	1.629325326	2.235950073	2.974833835	4.052487615	5.040459576	5.930310572	6.64435822	7.28819747	8.522555531
0.816861142	1.162267487	1.672577059	2.191157134	2.955812979	4.063541919	4.960238942	5.619302628	6.419165211	7.274036806
0.816861142	1.165698596	1.723171803	2.223906194	3.000017721	4.139716698	4.988817519	5.602824065	6.106793075	7.121081425
1.177814362	1.475174434	1.9705575	2.356722555	2.951831827	3.917358466	4.773159115	5.471049736	5.987190019	7.282377926
0.885157765	1.308319012	2.100099804	2.79650425	3.688190836	4.413517683	5.273876497	6.348676765	6.93462017	8.612006348
0.868926792	1.284771225	1.973853931	2.367751994	3.052178077	4.139583246	5.332631928	5.830058424	6.425634966	8.232318469
0.878676986	1.146858336	1.792613602	2.340354774	2.927026656	3.807246861	4.840303583	5.69563969	6.33713896	10.04657844
0.878099598	1.01138396	1.560197614	2.242953821	2.961847908	3.770057708	4.680156079	5.529603087	6.22350054	9.536126386
0.84968832	1.14171165	1.784433159	2.375554425	3.143902441	4.051880048	4.936155675	6.112596447	6.843956713	9.383854304
0.874807412	1.113506452	1.618721136	2.206798813	3.153790028	4.337866771	5.241970944	5.8923698	6.583867784	9.672197376
0.957899327	1.337212145	1.853062206	2.199336779	2.744461828	3.990980326	4.662977565	5.045605372	5.389981328	9.025105878
0.884129333	1.161234778	1.739777886	2.193933085	2.813526872	3.538002179	4.946822839	5.739329435	6.084337514	7.555720216
0.942886843	1.048607417	1.867995784	2.373100571	3.072518398	3.781322025	4.874789948	5.555068593	6.225899225	7.493244058
0.871299725	1.025386945	1.642628259	2.252959148	3.012918312	3.860947555	4.7463498	5.583967811	6.264496049	7.569441175
0.716454704	0.96529406	1.515928139	2.123489292	2.973592733	3.330807076	4.331105101	5.282889717	5.85355004	7.687555633
1.077743131	0.883107986	1.399495263	1.928914338	2.666668048	3.599141362	4.180273242	5.169611701	5.740457677	6.617704196
0.947698383	0.984332907	1.600189758	2.050052994	2.854708306	3.836727675	4.801814679	5.766132027	6.490918691	7.402914922
0.921249729	0.882555899	1.503724769	1.864627135	2.494732222	3.222501769	4.01380192	5.064014841	5.771619183	7.31461373
0.921704257	0.938342247	1.530368299	1.985974785	2.64701913	3.614973769	4.52102423	5.107639442	5.935044575	6.688337874
1.120159334	0.943854716	1.439949742	1.707032862	2.220589132	2.946465446	3.697345956	4.117863805	4.757966142	6.472125559
1.152830693	0.960051	1.355471622	1.682868886	2.073734492	2.713779597	3.511021598	4.226116131	5.190824369	7.502600136
1.636212669	0.863638967	1.320654299	1.706070483	2.236980445	2.906174932	3.644081031	4.643847689	6.091667437	7.971828895
1.818160566	0.869171339	1.315969751	1.958694348	2.40591217	2.965094658	3.595555571	4.313843762	5.659090327	7.923461483
