BLACK SEA TURBOT,2017,COMBSEX,PLUSGROUP,CATCH NOS
1 2                                  
1950 2018
1 10
1
0.01	16.397	112.918	216.681	280.36	226.152	180.133	115.062	41.986	25.562
0.01	19.748	135.972	260.864	337.472	272.659	217.37	138.899	50.659	30.857
0.01	23.692	164.901	321.152	420.244	302.097	224.295	138.981	52.827	30.872
0.01	25.119	176.873	349.953	463.324	291.305	195.543	115.318	46.801	25.611
0.011	21.002	146.621	286.75	376.404	261.462	189.597	116.204	44.818	25.811
0.011	18.31	128.763	254.327	336.296	214.675	145.942	86.64	34.857	19.242
0.011	18.04	126.874	250.607	331.387	211.467	143.719	85.307	34.327	18.946
0.01	14.862	130.048	293.781	387.218	220.132	77.563	41.332	12.084	6.269
0.01	21.169	259.27	383.447	486.748	309.756	138.655	57.23	18.122	8.541
0.01	33.373	355.666	567.8	402.023	293.197	157.728	64.621	17.733	11.175
0.01	27.762	138.435	231.44	205.908	182.972	109.8	58.186	13.454	9.369
0.01	8.915	131.955	278.865	229.911	209.673	112.386	75.748	20.071	11.085
0.01	14.186	135.825	281.284	172.624	216.155	121.817	72.532	17.249	5.081
0.01	43.495	235.771	235.009	262.933	290.267	181.621	94.435	15.62	6.805
0.01	25.964	372.001	312.064	271.244	227.835	136.976	82.583	18.076	6.018
0.01	11.486	169.355	320.28	265.077	172.629	112.799	69.137	17.422	9.17
0.01	21.708	132.49	206.362	267.176	236.643	131.96	70.776	13.6	8.142
0.01	61.68	251.327	235.719	175.771	192.666	93.375	54.007	13.28	7.644
0.01	35.427	306.856	319.099	204.389	178.719	113.986	49.266	9.798	4.943
0.01	30.656	334.071	362.644	262.83	186.969	98.328	40.67	8.641	5.437
0.008	72.647	353.927	171.982	540.574	310.77	234.828	83.85	38.218	41.594
0.006	1.814	47.933	434.073	200.784	188.526	142.951	42.138	16.895	15.546
0.007	1.875	72.838	49.816	202.466	209.334	175.418	72.451	28.245	32.019
0.007	3.4	47.204	62.156	276.994	237.515	208.852	77.682	34.258	49.547
0.006	2.089	5.576	8.826	44.395	102.688	101.49	36.091	22.168	39.956
0.007	0.211	11.202	30.674	145.872	99.776	63.921	19.512	7.251	9.98
0.007	27.663	86.728	35.072	103.805	93.079	64.781	19.124	12.702	34.436
0.007	20.331	47.836	22.505	73.658	93.499	89.041	29.572	24.734	64.526
0.007	22.42	64.459	50.179	195.913	134.19	99.558	30.561	19.218	32.096
0.007	3.575	148.2	106.001	406.363	331.837	252.491	77.947	51.679	107.789
0.007	12.814	75.89	41.273	162.346	193.383	147.618	49.345	25.463	52.008
0.007	18.143	75.342	24.159	75.826	136.36	166.726	91.002	51.087	83.458
0.006	0.064	115.985	69.497	201.974	171.426	172.368	76.879	70.832	157.448
0.007	0.067	158.094	98.656	375.707	212.477	192.419	77.62	70.771	150.266
0.006	0.061	53.836	49.529	45.761	75.37	80.754	66.218	45.761	121.131
0.006	0.055	0.776	2.251	4.347	8.461	15.215	7.22	12.188	27.169
0.006	0.056	0.056	0.224	4.938	5.78	11.783	0.225	2.581	30.806
0.006	0.059	1.185	8.296	12.593	47.704	13.926	13.63	8.593	42.222
0.006	0.057	0.057	0.226	19.53	29.559	24.457	38.181	8.622	55.599
11.804	33.052	41.147	59.359	68.128	34.739	16.863	15.852	52.614	8.277735206
55.811	68.144	104.67	94.524	37.011	29.226	20.721	12.93	35.602	95.17715
111.7696899	259.926982	114.7564371	78.50800781	32.12474075	10.40865736	4.261837041	2.73733392	1.809147637	6.157682642
38.30416167	79.29097403	37.0877528	26.55372655	14.10384072	8.154366194	4.682862959	2.767628587	1.916960907	9.830234956
171.4388982	421.8196001	186.7198784	119.0284403	43.95927533	22.08576079	12.19963869	6.034291506	3.598641189	10.5297561
187.173211	513.9268225	252.3692219	150.5212769	51.18889689	26.88462661	15.68163976	8.553173448	5.883994515	29.06103945
39.4193957	140.5152936	116.9203729	125.5925206	102.869385	84.65314814	64.02511555	45.31712385	30.51543848	83.37983702
23.01351989	82.19827962	72.49601116	82.41779389	72.03440487	56.56484932	38.49164082	26.85341763	17.75449129	48.63455545
49.48248489	100.5266983	91.33371347	81.96910783	48.31944893	28.59836013	18.85385661	12.50660639	7.741568321	11.89775308
79.73686917	161.9534491	142.0547763	129.173172	66.16573574	38.52211479	28.47703344	19.41227154	12.35428532	19.09934997
7.362770608	72.53244007	147.2174018	184.6530187	108.1072808	55.03270431	32.03246007	19.43940959	11.46619761	35.35087831
38.81179142	92.82981825	114.126421	165.6096063	146.2306901	95.22570233	40.56217925	25.21241142	18.35815641	56.48174346
69.49061898	264.7834078	234.1508783	251.4206947	117.9706516	56.18659872	38.95841787	25.55045859	8.277701131	14.74450574
3.49692538	30.70113015	89.16463339	84.31390444	74.46672811	79.33368913	50.53959338	25.42793528	4.444797717	9.653487663
19.23538258	49.35384822	89.43465388	68.0259016	57.19766098	49.16672564	29.94144152	15.29529693	3.51720981	4.618392877
24.12590672	42.61209543	63.17648222	84.30306734	66.08188052	47.68583653	25.71753216	14.01904456	3.805114034	5.185256707
70.00180488	166.2977451	91.49110005	83.44924889	65.20209666	49.1342652	29.20291428	15.10901863	2.946608283	2.869998391
43.71494356	140.2691125	187.9510239	150.3423073	73.8253211	51.7769719	24.26644358	12.34528236	3.065923114	3.690961243
36.24875248	147.2633973	215.9500897	234.3066092	123.0803317	75.41725003	35.51559401	14.93002049	3.185347308	4.312593528
12.84202611	81.32193182	159.5109005	197.8366591	138.4992531	92.54588248	39.94710582	17.02667657	4.039997882	5.978576359
8.659426768	50.74315774	130.4640963	98.67095149	149.5390246	87.17751388	59.05237037	22.3357448	10.5494984	14.26620698
11.52190141	24.75866329	40.96504704	163.8300659	97.25709987	91.60905571	58.81240726	15.90757282	6.591196532	7.416352771
27.90145846	42.53299971	65.92958501	56.66598935	84.4522181	82.32538044	70.80036195	27.60323105	11.66364667	14.84102528
8.842452785	37.33573751	48.35560657	52.45507497	84.91336287	76.03569436	65.21413038	24.00374567	11.52953683	20.95135893
7.191145585	88.57687822	105.159825	77.13738274	50.47369242	64.37752452	56.88927625	19.53577862	12.30796198	27.83763056
6.697107991	30.66804936	62.35294623	74.405895	94.15799289	64.38833739	46.91580581	13.05778686	3.674913819	4.451816279
2.980034092	34.06509728	72.43105405	82.91592397	94.4280113	55.97249301	28.55310155	13.2835302	8.330373316	18.87533002
0.931707102	10.12251783	93.82122612	212.2305668	132.7092643	74.75902451	16.78329232	5.511715983	3.144603541	1.952029197
0.329017621	5.446102563	49.8008429	132.8039273	94.4972987	81.31948421	44.24514919	9.330910419	3.258225314	5.003921719
0.19039433	3.893411398	61.44313687	107.5474187	83.58264558	83.2155485	36.29816981	41.29543739	12.91756025	10.59101262
