CPUE (thousands) of GSA1718 cy sardine (2016)
103
Echo West
2004 2016
1 1 0.58 0.83
0 4
1	642614	1725618	1431214	1003905	51410
1	438061	1264847	553052	602318	30814
1	575220	1546199	1508479	1322416	124118
1	917720	3037743	2110423	1366099	115372
1	3804458	9049691	3399879	1684309	69607
1	2366576	8322660	1581468	472427	71727
1	2098915	6683795	2567964	758027	45771
1	9879725	22828960	5757835	928614	13170
1	9918526	11204898	1550743	282387	78442
1	8229421	22055507	3897769	198738	4112
1	2533931	17129516	4427857	167082	0.1
1	3628719	10139650	5675860	324310	0.1
1	5470972	4659918	1008994	67985	15760	
Echo East
2013 2016
1 1 0.75 0.83
0 2
1 4717909.8	3853279.6	3031
1 1180050.3	4323384.2	64747
1 12993118.3	2446709.9	3505
1 13332270	709729	1515.5
Echo East Biomass 1
2003 2012
1 1 0.75 0.83
0 0
1	213410
1	213477
1	107902
1	246593
1	136907
1	131542
1	231809
1	125031
1	79372
1	89329